一条跨域流和一条DC内流在远端拥塞
2
0 4 3 10031 10000000000 0
5 4 3 10032 10000000000 0

两条跨域流和两条DC内流在远端拥塞
4
0 4 3 10031 10000000000 0
1 4 3 10032 10000000000 0
5 4 3 10033 10000000000 0
6 4 3 10034 10000000000 0


一条跨域流和一条DC内流在近端拥塞，拥塞点为ToR10 → Spine13 ，run_single_algo.py中改为监控端口3
and int(parts[3]) == 1: 改为   and int(parts[3]) == 3
2
4 0 3 10031 10000000000 0    
5 1 3 10032 10000000000 0 



两条跨域流和两条DC内流在近端拥塞，拥塞点为ToR10 → Spine13 ，run_single_algo.py中改为监控端口3
4
4 0 3 10031 10000000000 0    
5 1 3 10032 10000000000 0    
4 6 3 10033 10000000000 0    
5 7 3 10034 10000000000 0


测试流完成时间，4条背景流，10条小流，小流不同启动时间
14                                                                                                                                                                            ┃
0 4 3 10001 10000000000 0                                                                                                                        ┃
1 4 3 10002 10000000000 0                                                                                                                         ┃
5 4 3 10003 10000000000 0                                                                                                                         ┃
6 4 3 10004 10000000000 0                                                                                                                     ┃
2 4 3 10005 10000 0.001                                                                                                             ┃
3 4 3 10006 10000 0.002                                                                                                                     ┃
7 4 3 10007 10000 0.003                                                                                                                ┃
2 4 3 10008 10000 0.004                                                                                                                                             ┃
3 4 3 10009 10000 0.005                                                                                                                                         ┃
7 4 3 10010 10000 0.008                                                                                                                                           ┃
2 4 3 10011 10000 0.010                                                                                                                                     ┃
3 4 3 10012 10000 0.010                                                                                                                                          ┃
7 4 3 10013 10000 0.010                                                                                                                                               ┃
2 4 3 10014 10000 0.010          


