106 42 16 169
32 33 34 35 36 37 38 39 40 41 42 43 44 45 46 47 48 49 50 51 52 85 86 87 88 89 90 91 92 93 94 95 96 97 98 99 100 101 102 103 104 105
0 32 100000000000.0 1.5us 0
1 32 100000000000.0 1.5us 0
2 32 100000000000.0 1.5us 0
3 32 100000000000.0 1.5us 0
4 33 100000000000.0 1.5us 0
5 33 100000000000.0 1.5us 0
6 33 100000000000.0 1.5us 0
7 33 100000000000.0 1.5us 0
8 34 100000000000.0 1.5us 0
9 34 100000000000.0 1.5us 0
10 34 100000000000.0 1.5us 0
11 34 100000000000.0 1.5us 0
12 35 100000000000.0 1.5us 0
13 35 100000000000.0 1.5us 0
14 35 100000000000.0 1.5us 0
15 35 100000000000.0 1.5us 0
16 36 100000000000.0 1.5us 0
17 36 100000000000.0 1.5us 0
18 36 100000000000.0 1.5us 0
19 36 100000000000.0 1.5us 0
20 37 100000000000.0 1.5us 0
21 37 100000000000.0 1.5us 0
22 37 100000000000.0 1.5us 0
23 37 100000000000.0 1.5us 0
24 38 100000000000.0 1.5us 0
25 38 100000000000.0 1.5us 0
26 38 100000000000.0 1.5us 0
27 38 100000000000.0 1.5us 0
28 39 100000000000.0 1.5us 0
29 39 100000000000.0 1.5us 0
30 39 100000000000.0 1.5us 0
31 39 100000000000.0 1.5us 0
53 85 100000000000.0 1.5us 0
54 85 100000000000.0 1.5us 0
55 85 100000000000.0 1.5us 0
56 85 100000000000.0 1.5us 0
57 86 100000000000.0 1.5us 0
58 86 100000000000.0 1.5us 0
59 86 100000000000.0 1.5us 0
60 86 100000000000.0 1.5us 0
61 87 100000000000.0 1.5us 0
62 87 100000000000.0 1.5us 0
63 87 100000000000.0 1.5us 0
64 87 100000000000.0 1.5us 0
65 88 100000000000.0 1.5us 0
66 88 100000000000.0 1.5us 0
67 88 100000000000.0 1.5us 0
68 88 100000000000.0 1.5us 0
69 89 100000000000.0 1.5us 0
70 89 100000000000.0 1.5us 0
71 89 100000000000.0 1.5us 0
72 89 100000000000.0 1.5us 0
73 90 100000000000.0 1.5us 0
74 90 100000000000.0 1.5us 0
75 90 100000000000.0 1.5us 0
76 90 100000000000.0 1.5us 0
77 91 100000000000.0 1.5us 0
78 91 100000000000.0 1.5us 0
79 91 100000000000.0 1.5us 0
80 91 100000000000.0 1.5us 0
81 92 100000000000.0 1.5us 0
82 92 100000000000.0 1.5us 0
83 92 100000000000.0 1.5us 0
84 92 100000000000.0 1.5us 0
32 40 100000000000.0 1.5us 0
33 40 100000000000.0 1.5us 0
33 41 100000000000.0 1.5us 0
34 41 100000000000.0 1.5us 0
34 42 100000000000.0 1.5us 0
35 42 100000000000.0 1.5us 0
35 43 100000000000.0 1.5us 0
36 43 100000000000.0 1.5us 0
36 44 100000000000.0 1.5us 0
37 44 100000000000.0 1.5us 0
37 45 100000000000.0 1.5us 0
38 45 100000000000.0 1.5us 0
38 46 100000000000.0 1.5us 0
39 46 100000000000.0 1.5us 0
39 47 100000000000.0 1.5us 0
32 47 100000000000.0 1.5us 0
85 93 100000000000.0 1.5us 0
86 93 100000000000.0 1.5us 0
86 94 100000000000.0 1.5us 0
87 94 100000000000.0 1.5us 0
87 95 100000000000.0 1.5us 0
88 95 100000000000.0 1.5us 0
88 96 100000000000.0 1.5us 0
89 96 100000000000.0 1.5us 0
89 97 100000000000.0 1.5us 0
90 97 100000000000.0 1.5us 0
90 98 100000000000.0 1.5us 0
91 98 100000000000.0 1.5us 0
91 99 100000000000.0 1.5us 0
92 99 100000000000.0 1.5us 0
92 100 100000000000.0 1.5us 0
85 100 100000000000.0 1.5us 0
40 48 100000000000.0 1.5us 0
40 49 100000000000.0 1.5us 0
40 50 100000000000.0 1.5us 0
40 51 100000000000.0 1.5us 0
41 48 100000000000.0 1.5us 0
41 49 100000000000.0 1.5us 0
41 50 100000000000.0 1.5us 0
41 51 100000000000.0 1.5us 0
42 48 100000000000.0 1.5us 0
42 49 100000000000.0 1.5us 0
42 50 100000000000.0 1.5us 0
42 51 100000000000.0 1.5us 0
43 48 100000000000.0 1.5us 0
43 49 100000000000.0 1.5us 0
43 50 100000000000.0 1.5us 0
43 51 100000000000.0 1.5us 0
44 48 100000000000.0 1.5us 0
44 49 100000000000.0 1.5us 0
44 50 100000000000.0 1.5us 0
44 51 100000000000.0 1.5us 0
45 48 100000000000.0 1.5us 0
45 49 100000000000.0 1.5us 0
45 50 100000000000.0 1.5us 0
45 51 100000000000.0 1.5us 0
46 48 100000000000.0 1.5us 0
46 49 100000000000.0 1.5us 0
46 50 100000000000.0 1.5us 0
46 51 100000000000.0 1.5us 0
47 48 100000000000.0 1.5us 0
47 49 100000000000.0 1.5us 0
47 50 100000000000.0 1.5us 0
47 51 100000000000.0 1.5us 0
93 101 100000000000.0 1.5us 0
93 102 100000000000.0 1.5us 0
93 103 100000000000.0 1.5us 0
93 104 100000000000.0 1.5us 0
94 101 100000000000.0 1.5us 0
94 102 100000000000.0 1.5us 0
94 103 100000000000.0 1.5us 0
94 104 100000000000.0 1.5us 0
95 101 100000000000.0 1.5us 0
95 102 100000000000.0 1.5us 0
95 103 100000000000.0 1.5us 0
95 104 100000000000.0 1.5us 0
96 101 100000000000.0 1.5us 0
96 102 100000000000.0 1.5us 0
96 103 100000000000.0 1.5us 0
96 104 100000000000.0 1.5us 0
97 101 100000000000.0 1.5us 0
97 102 100000000000.0 1.5us 0
97 103 100000000000.0 1.5us 0
97 104 100000000000.0 1.5us 0
98 101 100000000000.0 1.5us 0
98 102 100000000000.0 1.5us 0
98 103 100000000000.0 1.5us 0
98 104 100000000000.0 1.5us 0
99 101 100000000000.0 1.5us 0
99 102 100000000000.0 1.5us 0
99 103 100000000000.0 1.5us 0
99 104 100000000000.0 1.5us 0
100 101 100000000000.0 1.5us 0
100 102 100000000000.0 1.5us 0
100 103 100000000000.0 1.5us 0
100 104 100000000000.0 1.5us 0
48 52 100000000000.0 1.5us 0
49 52 100000000000.0 1.5us 0
50 52 100000000000.0 1.5us 0
51 52 100000000000.0 1.5us 0
101 105 100000000000.0 1.5us 0
102 105 100000000000.0 1.5us 0
103 105 100000000000.0 1.5us 0
104 105 100000000000.0 1.5us 0
52 105 200000000000.0 1.5ms 0
